ros__parameters:
    camera:
      model: Pinhole

      width: 1280
      height: 720
      scale: 1.0
      
      fx: 923.3214721679688
      fy: 923.453125
      cx: 643.4927978515625
      cy: 365.1075134277344
      
      d0: 0.0
      d1: 0.0
      d2: 0.0
      d3: 0.0
      d4: 0.0