/**:
  ros__parameters:
    camera:
      model: Pinhole

      width: 1280
      height: 720
      scale: 1.0
      
      fx: 615.547607
      fy: 615.635437
      cx: 322.328522
      cy: 243.405014




      d0: 0.0
      d1: 0.0
      d2: 0.0
      d3: 0.0
      d4: 0.0